21.5784096
2.3379397
2.7305254
3.146373
3.3545201
3.6422306
3.9150692
4.3219097
4.4988655
4.642717299999999
4.8042297
4.9545091999999995
5.115380699999999
5.274583399999999
5.4267635
5.5870824
2.6297221
5.9360092
7.6328107
7.6557867
7.720577499999999
9.577426299999999
9.616643999999999
9.672597099999999
10.0494749
20.1957963
2.3545545
7.9231971
24.307198800000002
25.171285600000004
25.603769500000002
25.9711117
26.243363900000002
26.483638400000004
26.690480800000003
26.883805500000005
27.051477100000003
27.219329200000004
27.4193281
27.619635700000003
27.819327400000002
28.043119300000004
28.211237300000004
28.396083900000004
28.587010700000004
28.779074400000002
28.971016300000002
29.1467917
29.3228414
29.507392300000003
29.683465800000004
29.866814100000003
32.466897900000006
36.595577000000006
36.93900020000001
37.10727060000001
37.267660400000004
37.4356008
37.595722800000004
37.746909300000006
37.907264100000006
38.06663480000001
38.234931200000005
38.37103460000001
38.51532550000001
38.666746200000006
38.81937930000001
38.970887600000005
39.12240870000001
39.274783400000004
39.418594500000005
39.57973260000001
39.722954400000006
39.88451640000001
40.03520180000001
40.187237200000006
40.3467217
40.5000021
40.6515399
40.80328110000001
40.947963800000004
41.09826950000001
41.242729100000005
41.39510020000001
2.774044398
3.510123457
3.542089465
3.558078007
3.574093234
3.598168702
3.654062367
4.182165734
4.974081001
5.030027906
5.086112897
5.750108914
5.766165598
5.774085106
5.782002384
5.798016083
5.814072722
6.221968643
6.917953981
7.101982125
7.262048322
7.43792355
7.621934046
8.085919308
8.590050786
8.774109029
8.926020983
9.10199609
379.029884132
380.49412957
380.510108821
380.518238338
380.5345485
380.551461776
380.551461776
380.568019002
380.862140076
380.870056945
380.877973722
380.886033306
380.894020496
380.902256594
380.918510303
381.126054398
381.133973208
381.15146925
381.15146925
381.15146925
381.168020012
2.588033376
2.780016799
2.963938383
3.148087536
3.803918423
4.01198565
4.204016287
5.332006672
5.499993995
5.676039066
5.931978656
6.147926102
6.340091924
6.515891507
6.676015342
7.499974477
7.707914725
7.884047423
8.067971601
9.419925682
9.595979706
9.76401783
9.916047523
10.083994327
10.24403745
10.404006367
10.556053921
10.707996388
25.716000797
26.163938928
26.3319289
26.500434023
26.963938845
27.148062121
27.307998613
28.531982823
28.724022726
29.867979603
30.076010843
30.243966689
30.403950375
30.547925372
30.699985608
30.851971067
30.99596836
31.147987907
31.299934424
31.443968086
31.932019031
32.092070965
32.259926112
32.787966505
32.939950463
33.099938469
33.251968631
33.412087195
33.572005557
33.732052209
33.900017036
34.548034851
34.716044762
34.892274682
35.060003738
35.219960606
35.371949488
35.515994546
6.331900451
6.489088356
6.627932732
6.771909457
6.923951078
7.092003204
7.2439107
7.411941201
7.571889108
7.723855426
7.875904503
8.043940903
8.203913829
8.363888196
8.523904449
8.707850185
8.867800274
9.035982952
9.203854739
9.364092552
9.555893011
9.763874236
9.948010981
10.131867429
10.299906378
10.45986097
10.651955067
5.41585033
6.03978983
6.215907161
6.359899558
6.50394238
6.655882081
6.799952022
6.96793682
7.119830294
7.279853291
8.807894351
8.999834895
9.447879871
4.900153371
4.982331154
9.134313758
9.310383462
9.470299671
9.630327793
9.798296013
9.97433968
21.253126151
3.451233814
4.067070295
3.643097329
23.55541766
23.707477986
23.867506543
24.027531872
24.187553864
24.347453553
24.499522389
24.667422637
24.819435906
24.971521379
25.123442241
25.283381847
25.443491417
25.595558419
25.771469915
28.787430541
28.947488694
29.107429274
29.259502155
29.40354133
29.547526476
29.699384416
29.835361233
29.979389875
30.115353785
30.259453132
30.403431585
30.539510923
30.699493425
30.843552207
31.011541571
31.171520071
31.347414955
31.715509881
36.459411826
36.603560424
36.771365964
0.844314286
2.148159016
2.172277523
2.188255896
2.19625445
2.204486168
2.204486168
2.216695458
2.233697159
2.249865633
2.388198716
2.40423757
2.420239542
2.428179585
2.444306298
2.460262701
2.484225765
2.508293122
6.172239764
6.228260344
6.268193168
6.292211661
6.324333624
6.356233962
6.404229934
6.540345224
6.564261656
6.580205673
6.596270606
6.620290675
6.684269774
6.80430874
6.996317435
7.028128139
7.044246019
7.060269907
7.068408714
7.08427704
7.108298831
7.148083479
7.220308722
7.228207006
7.236173249
7.252244306
7.266298715
7.292049578
4.865935604
1.275222093
4.107313116
17.155048186
27.171359374
1.440734753
1.904659958
2.808710581
2.97665173
3.128738579
3.280709473
3.424759303
3.57666311
3.720859678
3.86476772
4.008630666
4.144609496
4.296720898
4.448688882
4.600727683
4.736716313
4.880699844
5.040758105
5.192714242
5.336640289
5.488755873
5.632760163
5.79272788
5.936727748
6.088682487
6.240730012
6.392665717
6.536691993
6.680702932
6.824663331
6.984758686
7.464641609
7.800755864
7.944694881
8.088651936
8.232743991
8.384706206
8.536743218
8.68060671
8.824692928
8.976659612
9.128720871
2.195995132
2.227881539
2.259843446
2.315823114
3.235866919
3.291925751
3.88402127
3.995946183
4.083903054
4.244024388
4.459925127
4.475990801
4.491896542
4.507949972
4.523847852
4.539886668
4.563830417
4.595889128
4.683947958
4.691767026
4.699864671
4.715886359
4.723851639
4.739848986
4.763881906
4.851934019
5.267967463
5.283813413
5.299948908
5.315886173
5.331839477
5.339853629
5.371785176
7.811919163
7.828035581
7.843922902
7.867967086
7.907872954
8.075890603
8.091870082
8.107821171
8.12392602
8.131943796
8.156006608
8.259872751
8.267982051
8.275874768
8.291839928
8.307872496
8.331920693
8.45194801
8.467802817
8.475858389
8.491937419
8.499864837
8.507828227
8.547983583
8.579922081
8.587858131
8.595871364
8.603795311
8.611906568
8.620150151
8.634891734
8.651752008
8.763920005
8.771872567
8.779850319
8.787838254
8.795823867
8.811851299
8.827832352
8.875863728
8.883811436
8.891912102
8.899874063
8.907832063
8.92392509
9.019991212
9.031193755
9.043823568
9.051883365
9.059922285
9.06848267
9.131844819
9.139862285
9.148092514
9.163931452
9.171882604
9.203846608
9.299887244
9.308085625
9.315884802
9.32387788
9.33182834
9.339842264
9.363841125
9.41193198
9.419909878
9.427905956
9.435809819
9.444026239
9.459918592
9.49186057
9.579870254
9.588030565
9.595893201
9.603875553
9.611906956
9.619783136
9.63583794
9.651581309
9.699866248
9.715916562
9.715916562
9.72382267
9.739930771
9.747874067
9.763920403
9.86795069
9.883878291
9.891863208
9.907964231
9.931869655
10.235792914
10.419794323
10.587752478
10.763796916
10.96373421
11.139827397
11.299711458
11.451783739
12.003779266
1.895926418
2.77595617
3.999975291
4.704072419
5.208042737
5.424006789
5.607892405
5.768004448
5.92799553
6.088064514
6.247967796
6.408021153
6.568117989
6.72808697
6.896021049
7.359947666
7.760124638
8.160035369
8.375977652
8.56000885
8.736083722
8.911984498
9.088062183
9.256119553
9.744061094
10.151910317
10.320178321
10.471947314
10.624089268
10.767939876
10.919911979
11.088050797
11.239973096
11.38399576
11.536020467
11.680019927
11.84014154
11.983957875
12.160004314
12.328008039
12.448097419
12.584028157
12.720043481
12.887991692
0.550618347001
1.086708503
1.654682555
2.214639434
2.358718135
2.50271495
2.654683714
2.830644129
3.182502676
3.381477774
1.597832647
1.109005182
1.525281108
1.573256841
1.60532051
1.637318373
1.661151259
1.685330361
2.437240321
2.461144718
2.845218601
2.869218798
2.909147516
3.229085516
3.245303152
3.261182513
3.285289123
3.301036547
3.325248337
3.349254313
3.373328847
3.685171366
3.701039185
3.717116118
3.725209326
3.741169374
3.757299252
3.77318725
3.805366332
4.101124932
4.117422144
4.133443339
4.14104656
4.157217434
4.165307601
4.181166676
4.197340077
4.22108922
4.597373422
4.621111713
4.637238689
4.661160772
4.685173311
4.709225134
4.733207236
4.749317866
5.181172146
5.413137191
5.597119216
5.909068357
6.085280939
6.237106367
6.66103658
6.837105852
6.989114038
7.13319041
7.29315141
7.445170278
7.605039892
7.773111511
8.109177593
8.460974855
8.709177777
8.98900693
9.237149435
9.621098848
9.645266367
9.669215237
9.69319579
9.725234046
9.765220629
9.861066509
9.877281627
9.89323579
9.909282829
9.925224174
9.941156637
10.037362398
1.517928146
2.117908151
2.341893707
3.342013926
4.309961833
5.813888172
6.830047859
7.82202069
9.141971514
9.685916925
9.845871431
9.997935569
10.133917622
10.277801085
10.605994423
11.045911487
11.205895414
11.365860046
11.709935349
12.030004725
12.335500078
12.61386671
12.805971274
12.965955904
13.109879212
13.269942544
13.413991874
13.758011595
13.925984498
14.069928171
14.229995825
14.382075504
14.53394445
14.677848492
14.837988827
14.989878883
15.157760952
15.309890654
15.653826378
15.934093279
16.501794529
16.965886273
17.150021172
17.3419888
17.565989763
17.741987207
17.893878667
18.053971386
18.301883332
18.453883552
18.598005752
18.757894637
18.909968936
19.069935902
19.38186446
19.590046637
19.725978058
0.534895081
3.63335336
8.350539927
8.984240318
10.78410727
13.166938839
0.450230012999
1.334046457
3.083949575
3.617557574
3.784655843
4.83397679
5.316557154
5.633863319
7.384268143
7.899860948
12.283568097
13.017453713
13.666770036
14.6331815
14.867592828
15.033907877
15.166856747
15.333372708
1.049882804
4.649883529
6.766574433
7.799903799
9.483159106
10.38331158
10.716484004
10.983138548
11.249792059
11.566438681
12.599773799
13.566601349
14.46642017
14.86646287
16.499884943
17.016814749
17.416364839
18.599641985
19.566327063
20.81634068
22.132990257
22.316295668
0.534300674
3.216593318
4.299915878
6.149822508
7.266555846
8.61731103
10.46649354
12.499953798
13.233204728
13.616382532
14.000154581
14.399717337
14.766292478
15.116416147
15.483969418
15.683119676
15.866724518
16.018076367
16.166689839
16.333095569
16.500508333
16.666903004
16.83385109
16.999771172
17.166400375
17.3329443
17.483823436
17.666291496
17.816372894
17.983118038
18.149609914
18.333133608
18.500014525
18.666867796
18.833704474
19.000112912
19.166437033
19.333030369
19.483031397
19.649609629
19.8163285
19.982948692
20.183880334
20.383294186
20.932976223
21.232968573
21.400490123
21.533881302
21.716382586
21.866587765
22.0163066
22.199860044
22.349612437
22.532975898
22.699504796
22.850155587
23.01709679
23.166409139
23.366262226
23.549966002
23.716705527
23.883466975
24.066337823
24.282970167
24.482854582
24.649804856
24.816201793
24.982869154
25.166412368
25.349560106
25.500350487
25.683786629
25.833659378
25.999725972
26.16621218
26.316166069
26.482934932
26.650299211
26.817044841
26.983216872
27.149454692
27.332831432
27.483129148
27.649478537
27.816155533
27.982887884
28.149460424
28.316937566
28.482962481
28.699531078
28.850412689
1.650006952
13.649854517
0.917711296999
1.017128705
4.783300374
0.63402693
3.166465515
3.616471999
3.999766298
4.183263419
4.499673563
4.683090868
4.849767167
5.016556136
5.183096657
5.333078645
5.500129717
5.666882957
5.816919896
5.982968194
6.733019088
6.933005894
7.10047774
7.233931949
7.400574734
7.567131539
8.61635993
9.03300142
9.366345335
9.700434951
10.149708237
10.466499474
10.749818358
11.132962359
11.849642101
14.516263367
30.48278336
51.115929083
59.732147654
3.249950506
17.23354333
17.966931503
18.933466218
0.5333794
3.216610562
3.616521093
3.916685671
4.133257588
5.233199118
5.81658481
6.083153482
6.250116201
6.400100979
6.566728167
7.383334282
7.783157062
8.200754111
9.149703802
9.483184862
9.84992957
10.683162274
12.616415457
13.533083223
14.599786866
15.049833974
16.599949007
16.98296748
18.516370912
19.049689474
21.432926239
22.099567148
22.466252405
24.216264552
24.682913091
25.050033787
26.582849924
28.499532268
29.266152379
29.749491154
30.766090614
31.34934383
32.532810352
33.316116721
33.982742851
34.382809524
34.73274087
36.982728799
37.549412856
38.149448807
39.21600937
40.615902233
41.165957842
41.666071233
43.182570823
45.132580256
45.649281998
46.16589499
47.232560852
52.115871343
52.765829105
53.132438541
54.632462492
55.132439429
59.949004143
61.965651007
63.382279329
64.582791365
64.998882041
65.39972402
65.865688115
66.098870663
66.26604346
66.415757777
66.598831613
69.43215589
69.898885044
70.115726967
70.965568685
75.932040478
76.56545186
77.432130692
78.598875848
79.048738222
81.3820191
81.915258674
82.565784282
84.566073174
85.331914631
86.565254803
87.131879506
87.499360468
87.898548869
88.53179378
88.765231698
88.931837084
89.082252178
89.248767097
89.415355227
89.565943332
89.73190796
89.882078963
90.032249255
90.198960136
90.382652849
90.531831949
90.699314488
90.849274818
91.015106309
91.181899025
91.332068576
91.498536202
91.648534158
91.816663245
91.982043441
92.132149532
92.29931852
92.449277446
92.631824324
92.79848359
92.948512242
93.115214067
93.26512969
93.43232876
93.598474722
93.765220397
93.915194552
94.081855225
94.231770981
94.398510366
94.565129408
94.732247209
94.881994386
3.116921153
4.667528474
5.150305545
5.834297511
6.284269701
9.317090808
9.933716855
10.334256025
10.700473554
10.900404776
11.084129538
11.250016768
11.417401884
11.58429909
11.733623595
11.934033245
12.384206469
12.567351069
12.733758937
12.884242684
13.03409134
13.184237667
13.334192035
13.516569833
13.683856785
13.850353769
14.017524907
14.166839665
14.334057788
14.483855808
14.633212465
14.799863975
14.950868121
15.117325893
15.28427748
17.583244686
17.783208178
17.950429528
18.099986764
18.39979666
18.567476184
18.718319813
18.883106193
19.033154632
19.183142939
22.299742458
27.916478875
28.700056245
29.067099039
30.633259642
33.499634375
33.849745713
34.199705971
34.816841583
35.350603931
43.999883689
44.667081682
45.249585686
45.582778697
46.050364715
46.633737755
47.250306838
48.965989222
49.432972213
49.950152454
50.500160888
51.316591231
6.066652846
8.000029827
9.900454008
11.966492894
23.167203786
34.467032229
35.033795361
36.983691318
39.0337259
43.799472416
44.699461377
45.068037725
45.600385825
45.966884712
46.616934767
46.800270809
46.966942012
47.116923278
47.283560415
48.516909818
49.382762191
50.049377305
55.983451848
57.216786334
57.566687381
57.933505153
61.583423931
62.050021006
63.033329211
64.51664083
65.483391118
66.433284693
66.916602952
69.066571795
70.049874387
70.549966939
73.033286847
73.566456553
74.549881924
0.450137162001
3.016848973
3.9833504
4.983342601
5.516638737
9.066518659
10.549858177
10.934049571
12.983151768
14.100808913
14.517604179
16.533452902
17.033226762
18.500375259
18.966402871
20.533349335
21.533116481
22.51807892
22.999780195
26.100519407
28.016307934
28.567180916
29.049739025
30.616261326
33.099522217
33.616177007
34.082875044
35.032876028
36.982805098
38.483268968
39.016235972
41.982663245
44.066027353
48.949208988
49.483127593
49.982729446
50.965997888
57.749452421
58.082504714
58.983369767
63.882366349
65.415739628
65.93240117
66.498997263
68.949060277
69.482293399
69.932406237
73.982435641
76.049218943
78.098906356
79.048868977
80.682083187
81.115467807
81.498820718
81.998758493
84.565396525
85.531953561
86.565519156
3.049729023
4.683037026
5.666546298
9.866289475
11.65003115
13.166527706
14.016196117
14.583748713
19.982808077
20.699440187
21.116089109
21.549507998
27.899302413
31.949388687
35.966189033
36.61637302
37.04950442
37.532499381
38.065795222
43.949180566
44.982972578
45.532372048
46.015787213
50.466721466
51.183553311
51.765851215
54.865690351
55.349193217
55.648996115
55.916584735
57.115582058
57.599051384
58.098943349
58.49893872
58.932267346
59.715592369
61.865713854
63.798930089
64.382366268
64.848930542
65.332377293
65.832125474
66.24902853
66.966140931
68.348704763
69.182075442
70.165529519
70.615497685
71.798900937
72.232193611
72.948915829
73.23249542
73.882086075
74.26542282
74.715795599
75.098657312
76.131949145
76.815349453
77.798672388
78.165550341
78.515449788
78.848907266
79.615376619
80.382058654
80.7165043
81.049244416
81.365653642
81.831841916
82.098575576
82.382095391
82.665866566
83.282058405
83.931844268
84.982578688
85.6988078
87.63193397
88.532168282
89.39926701
90.148591342
90.448566155
90.731893204
90.981908822
91.431729683
91.781756258
91.981844389
92.266408678
93.148626452
93.43187822
0.788647201
2.672258747
3.838943833
4.550583796
5.284033297
6.384379997
9.884214445
52.986826685
54.820296293
55.353624199
57.487140483
57.953808138
58.370494005
2.266811891
3.300022348
4.216653714
4.449985094
4.633346888
5.14994694
6.699831049
10.233002156
13.616120856
17.099270021
20.532362643
21.148988632
21.449007856
22.682262874
24.615525095
25.232042676
25.498739222
25.88209992
26.531987072
1.066864254
2.366801289
3.45007593
4.366663969
5.183293042
5.89993141
7.699792905
9.582943798
11.13294147
11.849503842
12.549524206
12.882843693
13.082831543
0.516895742
2.400116099
4.000033544
4.333337545
5.549914015
6.016578569
0.900203137
1.350201724
2.4334285
3.416609004
4.683309047
5.19990889
5.683254202
7.366461343
8.149786294
8.966407303
9.382923583
10.64963297
11.532919457
11.966242766
14.566093126
14.982664294
15.382649499
15.815995497
18.14918134
19.332455137
19.815704165
19.982319692
21.065665882
21.332303455
22.682215651
23.165527002
24.398843649
25.265420278
26.115388073
26.548681914
30.76539069
31.665341295
32.581824478
35.099068608
36.432603075
36.832588057
38.58237942
39.015613934
39.832415886
0.508984721
0.892333512
1.100214008
1.316866092
1.48352759
1.633511987
1.800093607
1.950149018
2.100168941
2.2500846
2.416805136
2.566747211
2.733399347
2.866775848
3.033456541
4.033360539
4.39999735
4.583356143
4.733348822
4.899980689
5.049939342
5.199931497
5.349926683
5.516616047
5.666593592
5.833259636
5.983199817
6.149863405
6.299866051
6.44988914
0.433612792
2.383528003
3.400130337
3.966769826
4.266754423
4.700071148
18.83241046
19.282269075
21.098919242
21.93218659
22.682123855
29.281710358
34.764793667
35.681355169
36.347962753
38.214554493
38.581200021
39.831132627
41.630999179
42.473224867
43.331201925
43.697731591
45.831785192
46.33112297
46.68161285
51.340318342
52.181520416
52.714755705
53.023615446
53.848059965
58.931102471
59.297755782
60.447763874
62.147619559
62.94755025
63.864244455
64.197542431
68.513944631
69.163893212
69.497066019
70.780418418
72.580210226
72.930175078
73.2968611
73.630262537
5.116639549
6.833175506
7.416483028
7.783134006
8.549693616
9.049717443
2.399743265
3.416736561
6.68328706
7.399772068
8.13317935
8.983025611
9.39971589
11.649530406
12.066151982
12.432825999
15.482666357
18.049125551
18.499142878
18.849109588
19.732459057
22.315469986
25.198779003
25.648729651
26.082006745
30.881951715
34.165845512
34.865471294
36.465861291
39.448945306
41.115436956
44.514553403
45.332044967
45.781884821
49.7817076
51.54815834
53.198096865
53.981400255
0.683419979
1.233397428
1.716712901
1.983372486
2.166648067
2.716660699
4.399882581
4.883153026
6.316418652
6.883316298
7.449783042
8.016334029
8.849537281
9.266262369
9.716215299
0.533649115
1.20025045
1.533537876
1.866831676
2.133526474
2.38347143
2.733479341
3.050112554
0.883620107
0.700026963
0.800110995
2.250002347
2.79986361
3.949832144
4.349843698
5.549679729
6.09977273
7.36635265
7.782970283
8.266307931
9.049572982
9.216199695
9.399539681
9.549509468
9.699548226
9.832838215
9.982839677
10.766161936
11.266117944
11.73274916
12.066105002
17.115752391
18.049052345
19.798870381
21.398829876
22.015439855
24.931959495
25.365281111
25.665220351
28.265083255
29.998343749
31.698286641
33.414964303
0.616927811
1.833453843
2.183429918
2.700086204
3.050038842
3.933306209
4.283296648
0.800254825
0.766776358
0.816717064
0.675498768
0.266994091
0.650227499
1.216985337
1.51681918
1.816763819
2.533443361
5.083295663
6.71652608
7.533149702
8.216433765
8.566372272
9.466312618
11.24957538
11.582892152
12.199496887
14.232765752
14.999381225
15.899340393
16.265962713
18.899153578
20.565681126
21.332228609
22.315646374
23.115555778
24.848712333
26.182035148
26.598667392
28.265352975
29.58190098
29.99855747
31.765258694
32.115260648
32.51528176
37.682304682
41.215518018
42.798810071
43.698790436
45.315280816
45.698576848
46.131804665
46.664404197
49.015178147
49.365126247
52.298182255
52.664791239
55.764745209
56.614436727
56.997977484
57.731094206
59.031228525
59.580964415
59.914401967
60.24778686
60.564369896
61.514294446
62.496865505
63.397130973
63.814536797
66.030669896
67.297274396
67.680686366
71.946988224
72.647067228
73.21367974
74.096962407
74.680184444
78.813407102
79.729857871
80.146642537
80.62987091
81.063248524
84.662950546
0.708849995
0.708825696001
0.716840986
0.516919676
0.675587762999
1.300023748
1.666608405
2.149970493
2.66664423
2.933198919
3.899907313
4.283219071
4.616524424
4.949841911
5.316507438
5.649837062
6.08264359
7.416294334
7.799756368
8.099637457
8.399616228
8.682991547
9.066226926
9.382909818
9.632860089
9.866189057
10.099515553
11.099418207
12.399367512
12.832665724
0.750240734
4.666621393
5.533281919
5.966589689
7.399831854
7.783105676
8.199800302
8.599764473
11.049633557
11.59958538
11.949593152
12.832865611
14.249411901
15.099412413
15.882661508
16.199300548
17.949231078
18.432569291
21.065588347
21.815589596
22.765573721
24.882478206
25.282094456
25.73208695
26.582037123
27.915318848
28.315220555
29.598554971
29.931854216
31.64870158
33.448374384
35.998513338
37.699026876
39.398950203
41.16547774
42.798769418
44.548712607
45.298603375
45.981959477
48.915024883
49.29841532
49.648386738
50.331782945
0.800156753
1.366806079
2.100149275
2.550093048
3.416693709
5.149895322
6.549840067
7.483156867
7.749749364
8.966428977
9.382767245
11.982857059
13.616097796
14.549291535
14.949311854
15.33263101
20.565579389
23.948706364
25.698693477
27.348616845
30.965221718
32.48180262
32.931759458
34.299290564
35.13258733
35.582363955
35.965177475
39.065770129
39.432374652
39.815629486
42.548777838
43.298864883
45.515401243
45.881960895
46.265313102
46.648696953
48.913807191
49.315237798
52.764848399
53.631625876
53.998041837
55.74716161
56.981205219
57.364571198
59.181278689
60.364486137
60.781027577
63.431051401
65.997350691
66.614024345
67.364106207
67.714008141
69.913810314
70.230525534
70.647270126
72.847035819
73.230291412
74.280249366
78.746729357
79.646717011
80.079907828
81.113255419
83.196265327
84.046400194
86.612888887
87.596034241
87.929515944
88.262861268
92.479215013
95.945563407
97.745526822
98.595473203
101.16197116
102.028599108
104.128411146
105.078364839
0.916899963
1.400197375
1.833600776
2.500148031
3.366811344
6.649878589
10.266392923
11.966175114
12.866201933
15.399375243
17.115980541
18.015868193
18.482551343
18.865848488
19.765795567
23.915624002
24.832130412
25.315460325
25.66535074
28.31532406
28.682049239
29.0486664
29.448550011
30.831881801
31.748694207
32.082024463
32.481887168
33.515173839
35.549116716
35.998526564
36.382382877
0.575501654001
1.250018681
2.416633742
3.34992254
4.716542303
5.166475293
5.599703814
7.716242619
8.166319422
8.366271186
9.566200237
0.06683703
2.399972848
3.433252174
4.249871134
5.616407291
5.999727981
7.71636923
8.232950745
8.499581838
0.350287046
2.416779546
3.416757623
4.066725594
4.699961648
5.083313976
5.333318187
5.533291074
5.866614239
0.400212938
1.183471195
2.483407052
3.233362631
4.033295707
4.450025714
4.833230032
5.199878996
6.699839253
8.216446983
8.599781018
8.916405299
0.292273872
1.266778255
1.583452926
2.449988656
3.083375581
4.016602681
4.349966219
4.683213836
5.366562118
5.633184435
6.283340314
7.299753766
7.699766774
8.983061272
11.132954759
11.599549193
12.482801447
14.18269391
14.865990425
15.865900822
16.215913137
17.615775379
18.049163689
19.315609216
21.032287525
21.815550592
22.698861823
23.115519621
24.782113866
26.498642914
28.115291785
28.481871983
28.898618688
31.598510481
31.765193083
31.931878564
32.098596004
32.248473526
32.415171682
32.581881956
32.765035639
32.915190599
33.08179376
33.281846502
33.448361894
33.615158699
35.66578227
36.06493261
36.565126398
38.199045858
38.582521595
39.815653847
41.581799924
42.332216576
43.232083009
43.848716575
45.381743852
46.282004775
47.115244288
48.881838469
50.18171074
52.231583218
53.531407748
53.998150257
56.498006701
57.531299658
58.747922946
59.247889475
60.431116583
60.881015978
63.030891071
63.647406395
64.014269866
65.947435508
66.714016078
67.647362658
0.442485061
2.092263398
2.516035469
3.483545593
6.783070772
7.416624836
7.783114134
8.04995166
13.682980875
14.582741215
16.249484944
18.832716018
19.765667013
21.415709648
22.732466111
23.198969673
24.882188743
25.232148343
25.698959314
26.148977201
0.375524219
1.033315378
1.233240583
1.399940688
1.550054091
1.716625509
1.849973861
1.999940381
0.533803591
1.100393264
1.450119386
2.400170214
3.36673913
4.216876987
5.150236495
5.516663241
0.425965358
0.750331797
0.916918886
1.066954858
1.200081627
1.350305801
0.505301434
1.283551802
2.450078985
3.39983898
4.299972712
4.750075239
5.133233743
6.066648187
10.199535178
11.199440876
11.999404565
12.782958326
0.700172191
1.633560051
2.433593688
3.183610595
4.649947495
5.150113192
10.183070536
11.14980706
12.049425383
12.449505827
14.183001169
14.565948225
15.866247147
18.032550932
19.715788079
21.349231457
21.665828936
22.132295499
22.582250528
23.882211618
24.665540342
27.398914538
28.69866002
29.082006713
29.498569147
31.315582227
31.882165739
32.931976177
35.132510955
35.549194109
35.999628916
36.799357091
38.549471215
39.34932636
42.032638951
42.432717613
43.266081224
45.065864408
45.515619168
46.732182691
48.915747702
49.331894243
49.698625423
50.13211976
54.765396759
56.464601915
58.198537369
59.931563125
61.664675001
65.080946322
66.464337634
66.831326273
67.230946035
0.525651646
1.37568532
2.359020916
3.433556383
4.649957566
4.999916817
5.38345107
6.783082715
8.533052841
10.21653911
11.566204639
11.982889117
12.483051657
14.566132126
14.982705993
15.832912194
18.049497669
19.615809082
21.015833759
21.398973079
22.632521532
25.648986838
27.298770573
29.037202191
30.682143013
32.132226271
32.915310857
35.949233834
37.641388895
38.370942015
39.041836132
39.3826168
40.232550451
42.891092452
43.648978073
45.048799222
45.465764007
45.832202501
46.265568805
48.515387741
48.931921508
50.132227721
50.615533647
52.315130268
53.448757021
54.014862531
58.131487198
59.981464688
0.4382169
2.338375078
3.366635759
4.049814211
4.349837403
4.600029916
8.199785871
8.532930297
8.899575256
11.191877915
11.641688507
11.991813436
14.204529909
14.608377524
14.958276162
15.316112915
15.699261333
16.099420863
17.099072912
17.899119415
18.415747598
18.765977996
21.115832992
21.465606437
22.698847743
23.099092044
24.598769815
24.965628949
26.115586511
27.848748486
28.298729145
28.68210252
29.115382636
29.631207315
30.715290077
31.698531849
33.365192304
35.181653379
35.565061718
36.448622807
38.148345002
38.88226872
39.765837569
40.215512243
41.465633034
41.882628811
42.382295844
47.881931823
48.798741558
49.748852583
50.498812982
51.915428445
52.265295488
53.698447304
54.115102767
58.198087613
59.96501124
61.647804242
62.214615841
62.564555642
62.947973377
65.531056584
65.897679658
66.31462717
69.41426978
69.847360964
70.697340263
72.780632019
73.214134064
75.814133061
76.664023691
77.530701847
77.963722635
82.246784458
83.513300331
84.346604497
84.813554461
86.546492757
86.946356217
87.396444976
88.263451097
89.613396824
90.028909015
91.279641681
93.413161837
93.828688684
94.279548369
94.72968915
96.796277815
97.24516011
97.745930727
99.246020753
102.745822534
103.695662325
104.162440232
104.545586741
107.579078726
107.978906097
113.028400437
113.828318597
114.311573014
114.695231831
115.078378184
115.444927921
116.444799584
118.211706907
119.961416608
120.894662417
121.344678163
121.71153483
124.19481889
124.677402596
127.744598037
128.561148065
129.027764999
131.627522684
131.977509509
134.927235996
135.294186964
137.660771259
138.043877663
138.427406894
142.26021566
143.910056112
144.526691304
145.226887617
146.093520032
146.525802519
1.075725333
2.300356679
3.383556122
4.616840685
5.516614857
5.966741539
0.408963628
2.392295215
3.342281112
5.033322141
6.699875382
7.350034004
7.733348738
8.116431506
9.399853545
11.216454865
12.066488864
13.633022837
14.916260027
15.849518284
16.199414393
17.649259589
18.032544266
19.266053664
55.281983357
56.148598299
57.048456494
59.165126271
59.581335422
59.964822638
60.448416549
70.664123247
71.53080602
72.563962326
73.279954969
73.964352789
74.397622895
75.64759266
76.980677766
77.930767128
78.997380927
79.497090031
80.846939531
81.763481475
82.830334164
83.313382676
83.830053054
84.480262593
85.113704955
85.663415473
87.380156446
87.896892239
88.430121373
89.129853237
89.713440328
90.163002694
90.64628162
91.130074762
91.630028119
92.512992978
93.213285175
93.562978604
94.028747553
94.746380507
95.879440065
96.463125422
97.246001963
98.162652751
98.546319473
100.262645388
101.146167582
103.395949222
103.795700314
104.47908218
106.827934241
107.128825498
107.528857683
110.2623904
110.828741031
114.945257893
115.745306683
116.36160099
117.328314939
117.827537348
118.378588786
118.827315547
119.745170284
120.478263817
120.845099224
121.278435354
121.694634465
124.261098927
125.578098092
125.944845239
127.793941145
128.178034244
128.544336931
132.061188821
137.744099372
138.094134919
139.676998411
145.693403235
147.293592932
149.109947808
150.876489827
151.559837672
152.410054133
152.943070371
153.943354958
154.859978271
155.308792468
155.793012207
156.209864275
156.609578838
157.026067651
157.643114557
158.609741194
158.926100706
159.775972292
161.675573217
162.042698151
163.292640327
165.092421055
165.442535883
165.792200217
168.975736102
169.309152677
169.658709238
170.025475442
170.392309908
170.792109936
193.091084859
193.640898755
194.474323302
196.190731384
196.724278021
197.340654602
197.990607929
200.674030736
607.318830144
608.035237915
609.168296566
609.851819385
612.101497307
612.801651441
614.218100082
615.001329871
615.401308874
617.601047141
618.401290513
619.284547454
619.734564642
625.733188752
626.034403237
636.400337977
638.366921452
638.633664071
639.016701587
644.583006405
645.849986534
646.266566377
646.699730327
648.999858455
650.165912779
650.532768501
658.365658398
661.815784931
665.1488515
666.131092241
666.515447353
666.965339236
667.181991194
669.232084201
670.298299371
671.115176665
672.531508494
673.281471577
673.698079361
678.84821502
682.297593908
683.647542719
684.131291546
684.514148275
686.314053064
686.914114794
687.430733524
689.647410858
690.280799132
691.230362647
691.697491707
693.030424395
693.380474807
693.914055672
694.33076337
696.880554147
697.313798269
697.713662873
699.980235644
700.696883102
701.179553377
706.33003463
707.97987992
709.829694737
710.379699198
710.82982772
711.779641746
713.796168228
714.379619151
714.912602399
717.462482368
717.845785077
720.72914197
722.545845671
723.945752624
724.629040348
725.445525523
726.078541026
730.328353592
730.877879597
731.495384805
732.045036382
847.304319263
848.087639147
848.98778114
849.420854594
851.970755335
853.637465151
857.037271343
858.020397127
859.270505582
859.637128162
863.971310102
864.837008865
866.121159652
866.504375711
868.271152266
868.704214405
874.187574586
874.837096484
875.220840437
876.453271039
1.449987494
1.966618036
3.98340807
4.483240777
4.799796279
5.133347348
6.549936294
7.233049437
7.549672972
8.566312266
9.216324421
9.499708952
10.949715581
11.466147995
12.466268052
12.799345516
13.099439024
14.499275706
15.482573943
16.43247024
16.749236849
17.149389934
17.449322765
19.015672482
19.949018985
26.698896087
26.915319172
38.033971653
38.982581286
39.399473803
41.948193252
42.482200778
42.76560241
44.58236075
44.832361949
45.082139051
46.698726216
46.915700982
47.181993803
48.981914222
49.948855611
50.498582062
50.781804839
51.365265946
51.581794721
52.565049834
53.215032061
55.931841255
57.848106401
59.031441182
59.981626837
61.898081166
63.714472242
64.047645125
65.796828847
0.433305511
2.083373044
2.949978267
5.866467256
8.966349039
9.79958995
10.166238233
10.449512931
12.782800387
13.132763027
13.866049898
15.465927482
16.165843295
16.865907685
17.199205126
18.765682756
19.499079605
20.232290396
21.698906596
23.24889333
24.015266778
24.015266778
24.015266778
24.015266778
24.015266778
24.015266778
24.015266778
24.015266778
24.015266778
24.015266778
24.015266778
24.015266778
24.015266778
24.015266778
24.015266778
24.015266778
24.015266778
24.015266778
24.015266778
24.015266778
24.015266778
24.015266778
24.015266778
24.015266778
24.015266778
24.015266778
24.015266778
24.015266778
24.015266778
0.366754893001
2.0833322
2.916726184
4.483221361
5.266542679
7.533095759
8.916344136
9.549656188
10.482937839
11.316161268
13.482640971
14.932709959
17.932522776
18.832370581
19.515795509
20.249051923
21.765593511
22.332282149
24.015379599
24.015379599
24.015379599
0.350134544
2.100027419
2.916421702
3.766550583
4.11635008
6.816306138
7.16639923
7.499653516
7.849703754
9.732845517
11.232785379
12.816043372
13.882627412
17.899062715
18.715546945
19.465713321
20.198938384
22.48215646
23.898726804
24.015245762
24.015245762
24.015245762
24.015245762
24.015245762
24.015245762
24.015245762
24.015245762
0.483938755999
2.017139574
2.850831887
4.416602351
5.149873693
6.416546063
7.099865568
7.833172096
9.700215429
10.116914267
12.449497677
12.799484865
13.850187738
15.466015369
15.766047815
16.082641677
19.082438846
19.482459333
19.865781449
21.732505193
22.565595976
22.898855029
2.117248678
2.950501483
3.583381615
4.500014859
4.817075395
8.933056026
9.550007342
9.816420448
10.950218022
12.466745689
13.116629792
13.849478345
15.799649424
16.099516835
16.965910714
19.132421033
19.499465524
19.832477175
22.532759883
23.999507553
24.015660657
24.015660657
24.015660657
24.015660657
24.015660657
24.015660657
24.015660657
0.458397646998
2.016150532
2.88272712
4.366600579
5.932705174
8.916379951
10.532583695
11.199001016
12.682185583
13.466094997
14.282691291
15.81546545
16.149257027
16.4820917
16.832360987
18.432200993
19.115431547
19.882245497
20.215697597
21.415614805
21.682278934
22.798766063
23.181952642
2.066722132
2.917049509
5.933720531
7.483074355
8.950226632
9.766415351
10.54964282
10.866759388
12.783134089
13.133389797
13.883278315
16.232609046
16.966436915
17.315946444
18.766536107
20.233066109
21.732739248
22.532986635
22.882870671
0.450454943
2.100271136
3.000246786
3.750229387
4.183606625
4.533570099
5.266924477
6.700259051
7.883609416
8.216531055
9.483205683
9.783192337
10.066583558
12.783635162
13.833632689
14.183720549
17.917011467
19.483672613
21.750333611
22.900327931
23.233165406
24.000093276
24.000093276
24.000093276
24.000093276
24.000093276
24.000093276
24.000093276
24.000093276
24.000093276
24.000093276
24.000093276
24.000093276
24.000093276
24.000093276
0.46708064
1.900263823
2.233604499
2.933663837
8.866986245
11.917005503
13.233773453
13.550288415
13.8336411
17.933712783
20.950355068
23.883747007
0.383695028
2.150308932
2.950319974
3.633591538
4.033612659
4.366963502
6.583681459
6.900275042
7.150293039
8.200308248
11.900371386
13.416982045
14.950324634
15.550346041
16.433732346
16.966997127
18.73366474
19.033642792
19.783683766
23.917034113
0.392203437
2.016807194
2.8834277
3.483361209
3.766717387
4.083417268
6.766870959
7.100081547
7.46681077
9.683457002
10.100235716
10.400075932
13.433531521
14.150136968
15.700159812
16.133544203
16.88347015
20.900226196
21.666890796
22.100248272
22.81688364
23.183493551
0.500105475
2.016820696
2.966736861
3.616761957
4.0334201
4.850098664
6.73341006
7.40016951
9.816830786
10.116775158
10.483494577
12.783477991
13.116864306
13.500122609
15.550438763
16.066945023
16.833570161
17.133622529
18.716959994
19.100229395
19.483612769
21.500250827
21.76697202
22.116982255
22.80034373
0.483715165
1.983593104
2.966946295
3.683621475
4.766964084
6.600291983
7.033645413
2.133548341
3.800242685
4.166900997
4.566917188
5.233552368
9.000211296
11.966955253
13.483606009
14.983587267
15.750267236
16.150249146
16.516971953
17.266963538
18.466937472
19.150349159
19.883619026
20.26694925
22.500343453
23.883561911
0.416916604
2.016859042
2.900272649
3.683615426
4.066907007
4.483558752
5.283650898
7.466933703
9.000280882
9.716992241
10.466961772
11.233556607
13.483620671
15.000363155
17.900352514
20.866942332
21.633688058
21.950372577
22.300351593
24.000122881
24.000122881
24.000122881
24.000122881
24.000122881
24.000122881
24.000122881
24.000122881
24.000122881
24.000122881
24.000122881
24.000122881
24.000122881
0.483628104
2.050312998
2.850316533
4.116954463
4.4836108
4.833589969
8.966998754
11.916983511
13.466949469
14.900259005
16.050274211
16.46695334
18.800337322
19.133639775
19.867001997
21.783638064
22.500238448
23.23364476
0.416965995
1.98361345
3.800338798
4.133641236
4.633664805
6.416941744
6.73368529
7.117008092
8.200342676
11.917038334
13.083613653
13.833672086
14.233674671
15.717023549
17.217009508
21.017065344
23.933741158
0.333571313
2.066882633
2.933604524
4.433611143
5.933360229
6.450262663
6.750200011
7.850292014
10.41694496
11.900253116
12.700311355
13.116953115
13.500287975
16.450291689
17.883582524
20.883589571
23.883593722
0.366957881
2.066859054
2.950249757
5.883558629
7.483606772
8.916924366
10.500245985
11.883569135
14.850244895
15.61692284
16.800275996
17.316901552
18.683661749
19.083567407
19.400350543
21.683609419
22.100318797
22.683568864
23.066912634
24.000103949
24.000103949
0.333674721
2.083609239
2.950318733
3.733559704
4.516942139
7.500312656
8.916943648
9.717084685
10.500269679
10.833618557
12.800333582
13.150352892
13.466932903
17.933628344
19.450359094
20.900351319
21.733651289
22.100313388
0.333472415
2.083448855
2.916815399
3.90020431
4.816741331
5.400163334
6.416778636
6.900178243
7.500119545
12.616850154
12.950167686
13.233507682
13.483524762
13.683510574
13.866840638
14.033486111
14.200245719
14.350183142
14.516871413
14.700191726
14.850173702
0.316822654
1.808780574
2.533400821
3.050160251
4.46674439
5.550077851
6.633359427
7.333450646
7.666749419
0.383484379
1.750180052
2.483624035
3.050274274
4.400297083
5.566962281
6.55017989
7.300382545
7.600304173
0.266734198
0.683448045
0.933428719
1.716775671
1.93340861
2.233401858
3.083424336
3.350075831
3.733400815
3.900044277
4.10005078
4.383374877
4.733422782
5.533444465
5.850081073
6.03341031
6.200086082
6.350079172
8.216767076
8.383449564
8.550071073
8.716785138
8.866770481
9.016755093
9.183442452
0.416971264
2.100109298
2.966807465
4.516726762
5.983433262
8.916782434
10.183436853
10.866763661
14.900066162
15.483434461
15.783423125
16.08347965
16.450109792
20.950059202
21.550108904
22.250110966
22.866748261
23.233415875
0.476030008
2.033971849
2.850599405
3.783867864
4.117253368
4.500656137
6.700838647
7.134001396
7.867419261
9.717376812
11.234126383
12.76747254
13.134240768
13.467662145
14.217647355
16.534826335
17.884379957
18.526503329
19.117832704
19.901184127
20.251265797
21.751205194
22.517901882
24.001044058
24.001044058
0.509122914
2.033613782
2.950414393
5.983709732
6.733724036
7.133820984
7.46724072
9.717239134
10.083889021
10.434601528
12.667815395
13.834012596
14.234362046
15.676181133
16.434825892
17.183747498
20.934233325
23.851135795
24.000837072
0.142495394
2.216987098
2.983674246
5.917098414
6.475951039
6.783835747
7.883903924
11.917367374
13.467385065
14.184733426
15.472560394
15.800853379
16.917625978
20.901003759
21.543217447
21.81779216
22.134425108
24.000956967
24.000956967
24.000956967
24.000956967
24.000956967
24.000956967
24.000956967
24.000956967
24.000956967
24.000956967
24.000956967
24.000956967
24.000956967
24.000956967
24.000956967
24.000956967
24.000956967
24.000956967
24.000956967
24.000956967
24.000956967
24.000956967
24.000956967
0.238805618
2.133820549
2.917198708
3.659271973
4.117309696
4.500471908
6.426127714
6.767365517
7.917413234
11.967518286
14.950906215
15.717634017
16.117643906
16.467766567
17.251138044
21.024014388
23.968092542
24.002671943
24.002671943
24.002671943
24.002671943
24.002671943
24.002671943
24.002671943
24.002671943
24.002671943
24.002671943
24.002671943
24.002671943
0.355402719
2.133704885
2.933784553
4.500405077
5.083152099
5.500439036
8.984178621
11.884025595
12.717457035
13.134133859
13.467497075
15.426309656
15.759729267
16.884290793
18.734291074
19.301214022
19.584361712
21.701237747
23.217905542
24.001005802
24.001005802
24.001005802
24.001005802
24.001005802
24.001005802
24.001005802
0.350047173
2.133900161
2.916804727
4.083883757
4.500113092
6.467009798
6.816928087
7.900265273
12.022793424
13.450611134
14.900491037
15.767257404
16.100570479
16.867310599
18.767393097
19.901042857
21.767465511
22.117599882
22.467520158
23.217458007
24.000661968
24.000661968
24.000661968
24.000661968
24.000661968
24.000661968
24.000661968
24.000661968
24.000661968
24.000661968
24.000661968
24.000661968
24.000661968
24.000661968
24.000661968
24.000661968
24.000661968
0.2756156
2.13372972
2.916999528
5.90036824
7.150432927
7.600466538
9.717223662
10.100489592
14.917126989
16.392932005
17.200937162
18.743031137
19.484223091
20.217606017
21.367735196
21.734380643
22.83432152
24.000893043
24.000893043
24.000893043
24.000893043
24.000893043
24.000893043
24.000893043
24.000893043
24.000893043
24.000893043
24.000893043
24.000893043
24.000893043
24.000893043
24.000893043
24.000893043
24.000893043
2.033776826
5.833851957
6.633842429
7.367287197
8.21732506
11.900799835
14.884157079
15.434252142
16.084325846
16.43496776
19.484557744
20.917713886
21.767925777
22.151195156
22.517896819
23.234664555
0.305322296
2.150470323
3.034299219
3.567033643
4.050420831
4.783790223
6.705952976
7.467216365
8.184625821
11.834063105
14.884087324
15.717549476
16.067537056
16.467557448
19.167657091
19.517679196
19.867691102
21.784378297
22.501149724
22.834546831
24.00093703
24.00093703
24.00093703
24.00093703
24.00093703
24.00093703
24.00093703
24.00093703
24.00093703
24.00093703
24.00093703
24.00093703
24.00093703
24.00093703
24.00093703
24.00093703
24.00093703
24.00093703
24.00093703
24.00093703
24.00093703
24.00093703
24.00093703
24.00093703
24.00093703
24.00093703
24.00093703
24.00093703
24.00093703
24.00093703
24.00093703
24.00093703
24.00093703
24.00093703
24.00093703
24.00093703
24.00093703
24.00093703
24.00093703
24.00093703
24.00093703
24.00093703
24.00093703
24.00093703
24.00093703
24.00093703
24.00093703
24.00093703
24.00093703
24.00093703
2.116716506
3.06718365
6.037807693
6.817230026
7.183971298
7.516936964
11.967488592
12.634094657
13.517656028
14.184911771
17.900934551
18.622140227
19.167726906
19.567354536
23.951159683
24.00110851
24.00110851
24.00110851
0.509300351
2.067160071
3.000551528
5.950587971
6.783889867
7.900131306
8.367922576
11.850834155
12.767501239
13.483882564
14.267516423
15.767661159
16.583779369
17.251064752
18.563644711
18.910620262
19.326529703
23.951244753
0.442438244
2.167798284
3.000144962
3.583762162
4.100507243
4.850548344
5.30055757
6.722938076
7.200627346
7.634118636
8.266517239
9.792773652
10.500367479
12.466674043
12.683707535
13.183822601
16.317676652
17.234297417
18.543249649
18.885107445
19.267755788
21.759971105
22.851235993
23.301255102
0.233782764
2.134271137
2.934327848
5.933851162
6.716934585
7.117040132
11.867851827
14.867925574
15.501404791
15.850690041
16.168076782
20.934826705
23.934979493
0.392305939
2.050390696
3.000457393
3.783794199
4.100522058
8.966451517
10.450785091
11.216667677
15.028491628
17.933492457
20.951138467
21.751063883
22.167852727
22.567798949
23.1511566
0.209143336
2.067091748
2.917152919
4.050348648
4.467194201
4.833813949
6.359339903
6.751156061
7.816973213
11.900064628
12.750172491
13.117580846
13.483792358
14.250894392
15.40086828
15.733937356
16.101028254
16.435038212
20.951050509
23.884495829
24.000982598
25.065318255
25.782238287
26.115223339
28.120939108
28.565980514
28.89921659
30.565398921
30.966304894
31.232813363
32.982265692
34.071205415
34.916261631
35.249502665
37.565923601
38.983059594
39.766416944
41.249849956
43.183250906
43.483229159
43.86657361
45.533299474
45.83328254
46.200011684
46.58335604
47.266769125
49.466905518
50.900227364
52.149817147
52.467060492
56.867038499
57.525909269
57.733161935
58.917191217
60.733878567
61.100565537
61.467305211
62.217361526
63.783950259
64.100674506
64.417949677
64.80076832
0.292645953
2.116812489
2.900568874
3.705320947
4.116441479
4.9172036
6.388805423
6.800658545
7.117709803
8.200364332
11.967454168
14.950876186
15.567635925
15.966991411
16.367693498
16.685007584
19.484385525
20.901663781
21.734478692
22.501228465
24.001042931
2.092259363
2.925786293
4.451494579
5.22621279
7.49302955
8.27638967
11.959537667
14.943234956
17.976763624
19.126776499
19.89348975
20.243466676
23.960278405
26.893727318
27.716008668
28.035927586
28.435901215
29.27649229
31.52720897
32.927346476
35.844072706
36.760756599
37.094102784
37.494112193
38.210919401
39.753015646
40.494288706
40.844336292
42.486467282
42.827691213
43.127757403
0.267213125
2.033659304
2.867148178
4.467259143
5.149994233
8.934006243
11.900693126
13.083333597
13.466981013
15.793011126
16.134568066
16.517633965
20.884543761
21.723423984
22.435087364
22.834480512
24.000978162
0.455715964
2.047102561
2.897151286
5.930409115
6.522597185
6.763815628
7.230489381
7.59721231
7.880629422
9.463926272
9.780647037
10.897397386
14.980868067
15.70299735
16.914194961
17.230925174
18.739796563
19.114283802
19.397666244
22.13106434
22.89772292
24.01419889
0.385489442
2.026819044
2.960203636
4.510171481
5.943525024
7.126898253
7.460422546
11.893763665
12.716165658
13.89393462
17.927289346
18.736226259
19.077394455
19.477624069
19.860774144
23.960938626
24.010786984
0.406939321
2.052099917
3.002059338
4.485430935
5.20222582
6.760859763
7.036048531
10.077756913
10.519245965
10.818997097
13.419642546
14.16966119
16.102535013
16.835956165
17.219236199
20.919311763
21.736077942
22.469409249
22.852841162
2.133701316
3.983839693
4.467213451
8.892731009
10.050757057
10.817477569
18.901849771
19.267942704
19.784691601
21.723641866
22.084719959
22.518117096
22.818198781
0.342464323
5.817186504
7.072315969
7.834088022
11.934385638
14.884341282
17.967860865
19.401239514
20.901388617
21.568013255
23.185485534
0.392368439
2.150421323
3.022876018
3.700648184
4.150480512
4.850526811
6.450562225
6.950837769
7.250616693
7.950701031
0.358803093
2.066868719
2.800281234
3.592393096
3.833671072
4.200345853
0.292172004
0.325795423
2.050360455
0.221967212
2.10038929
4.117047889
7.133749448
7.434702495
12.693394942
13.134324153
13.484297317
17.851176101
20.901405709
24.00123405
0.444508618
2.019100752
3.719084606
4.752476408
6.985798862
7.402661422
8.002715609
8.886045572
9.661509063
10.519461684
14.869669196
15.929143968
16.853112047
18.703382726
23.88684577
24.003309991
0.447705537
2.009415168
4.459665105
6.79295971
10.159777352
10.493337248
11.093172453
11.926562719
13.068782005
13.677266877
14.026673199
16.476776233
18.652380165
19.793656376
20.327019607
21.760409614
22.143797296
22.51044468
24.010433731
2.080924796
5.82599662
6.759426528
10.535168672
14.851999023
15.452006928
16.85993791
18.776778267
19.143476256
22.485610982
23.410957022
24.01007528
0.48992987
2.064687771
3.473582702
3.797988963
4.94816522
8.881651378
11.898613719
12.632014519
12.965488923
13.915329713
15.740832343
16.132077804
16.565367883
16.932058328
19.748878735
20.182832432
21.616043539
21.916336131
22.349054713
22.932456692
0.488877584
2.000420643
6.800636227
7.183961129
7.517413254
9.650765788
10.050859701
10.734240156
14.984418638
15.851121137
18.826824633
23.868181905
24.001369823
1.990633025
4.524181844
7.774273289
8.25760187
10.830624562
14.891254963
17.908345633
18.546509725
19.474834912
20.208547787
24.008155845
0.332735195
2.024367341
7.007703509
7.824401173
8.157721769
10.425013839
11.257846529
13.329735063
13.724760005
14.341460965
15.524805553
17.175484629
18.624937456
20.17564215
22.125134453
22.358593078
22.692463295
0.342390888
2.217799238
4.50062225
5.233879667
6.750689053
7.117326599
7.501186952
7.90076772
9.784160693
10.134271903
10.517530352
13.100949296
13.484342069
13.867678846
16.067873993
16.884493265
17.267821618
19.118237303
20.934733908
21.776926283
22.834820033
23.285119713
24.001278761
2.029122067
3.737899781
4.87063991
8.187981788
11.237494148
13.50424139
14.237660544
15.606572465
16.505116168
17.237856228
18.721254727
19.53794761
20.172171938
24.004679255
2.103642
2.870372061
3.620343194
4.0036846
4.787174485
6.470471988
6.853945749
7.903928138
8.270636488
9.487368486
9.754110775
10.887457139
13.104221079
13.470910703
15.704514613
16.104377605
16.721979819
18.721787579
21.513539886
21.846892989
22.121763115
24.004602097
0.51448437
2.04801528
2.914751209
3.564695023
3.814676534
4.448725148
7.106901744
8.981592512
10.148397538
10.931738925
13.157425281
14.998636602
16.132054468
0.358964438
2.150270693
2.933720714
3.559116127
5.283811772
6.609431424
6.967239402
7.867256756
9.767338953
10.867430753
23.88470725
0.250597000122
2.13495206833
2.96895909309
3.56956410408
3.78625702858
4.92103815079
8.94147396088
9.57518911362
9.82557010651
10.1091210842
10.4760580063
14.9120371342
15.746117115
17.1974799633
0.350275039673
0.584276914597
1.03434205055
1.71807909012
1.90156388283
2.15194606781
2.40239787102
3.28627085686
3.55300498009
3.78662085533
3.98698306084
4.35358405113
4.82062792778
5.65468287468
6.00493907928
6.27180790901
6.45529389381
6.63884496689
8.34019899368
8.74052095413
0.350358009338
0.834331035614
1.06764411926
1.78485512733
1.95159816742
2.31863498688
3.23590612411
3.61969017982
3.77005410194
4.25350999832
4.47047305107
4.63745808601
4.80404496193
5.67157411575
6.00499510765
6.17166209221
6.33865118027
6.4886841774
11.1643440723
11.8598041534
12.0932979584
0.667308092117
1.0008289814
1.66811203957
1.95168304443
2.26861691475
3.16930794716
3.45291399956
3.71970701218
4.35364103317
4.72080898285
6.03832507133
6.18838191032
6.33855199814
6.60553002357
6.7889380455
8.34019899368
8.47387909889
8.62374591827
8.77387809753
8.92407798767
9.07431697845
9.24102807045
9.3744790554
9.52467489243
10.6254351139
0.383882045746
0.750920057297
0.967729091644
1.66833806038
1.91862916946
2.23452711105
3.28539419174
3.70235204697
3.8859000206
4.0528922081
4.21945714951
4.38637900352
4.53635621071
0.734055995941
0.967471837997
1.76819491386
1.95177102089
2.1022439003
2.40205383301
3.35298299789
3.60294604301
3.78657102585
3.95349097252
4.2869310379
4.72063589096
4.87078499794
5.1208460331
5.60473394394
5.85479283333
6.03829503059
6.20505595207
6.35529494286
6.50553798676
6.63887095451
6.78896093369
8.42367005348
8.5903968811
8.7405090332
8.89118003845
9.04097294807
9.19088602066
0.350337982178
0.600589990616
0.867378950119
1.18426799774
1.73480010033
1.90149497986
2.05192899704
2.20177817345
2.36871314049
2.51878404617
2.65243411064
2.81983804703
2.95262813568
3.10245800018
3.25269508362
3.38633799553
3.51958107948
3.67027902603
3.80340600014
3.93664813042
4.05383706093
4.77061796188
4.85394096375
4.9374370575
5.12093496323
5.20426106453
5.28761816025
5.37106013298
5.43865394592
5.52147006989
5.60478901863
5.7047560215
5.78804898262
5.88842701912
5.95498895645
6.03820204735
6.13845205307
6.20550513268
6.30539512634
6.38914012909
6.47205209732
6.55559015274
6.63879299164
6.73884510994
6.78897404671
6.87221503258
0.534292936325
0.633991003036
0.734455823898
0.818668842316
0.934388875961
1.11800885201
1.18488287926
1.28485178947
1.36831092834
1.45196890831
1.65176796913
1.75179696083
1.83519387245
1.93529081345
2.01884293556
2.11863994598
2.2021188736
2.30194878578
2.40203785896
2.4858520031
2.58745479584
2.68556880951
2.75223779678
2.85282182693
2.96920490265
3.05251288414
3.15259695053
3.2201898098
3.33632588387
3.41957187653
3.51994490623
3.60368990898
3.68654584885
3.77076792717
3.88667583466
3.97066497803
4.0710067749
4.17032694817
4.2534968853
4.3540828228
4.42161893845
4.53718400002
4.63753390312
4.72096300125
4.82115793228
4.92072582245
5.05484080315
5.2209649086
5.33782696724
5.43772697449
5.52126693726
5.62125778198
5.721367836
5.80472588539
5.90510678291
6.00499391556
6.10502576828
6.18851590157
6.288615942
6.38855099678
6.48906993866
6.5724298954
6.65545487404
6.75552988052
6.85630893707
6.92235183716
7.00587296486
8.34026384354
8.44053292274
8.5237557888
8.60706591606
8.70713376999
8.87433290482
8.97400379181
9.0576839447
9.14081192017
9.22424387932
9.30776190758
9.40768480301
9.57449889183
9.65802884102
9.74158596992
9.95825791359
0.717381000519
1.51794314384
2.26845002174
3.68640303612
4.48687601089
5.9717810154
6.75556206703
7.55610799789
8.25676417351
9.02405309677
9.72468304634
11.2591509819
12.0098571777
0.750584840775
3.80314683914
4.43705487251
6.05496096611
6.52357292175
7.00569391251
7.35592484474
0.73389005661
1.50125002861
2.26851511002
3.08585500717
4.47114014626
6.03813409805
6.72197413445
7.52277898788
9.00728607178
11.2257521152
11.9596271515
13.4953920841
14.2448980808
14.945374012
19.1990251541
20.1665580273
20.4333090782
0.94296503067
1.42694401741
3.66182804108
4.41264009476
5.93061304092
9.08305501938
11.2344560623
11.9352660179
13.3364419937
14.1873190403
14.987653017
1.56807494164
5.67146682739
6.88972592354
9.8080368042
10.3419649601
10.7756769657
10.9588639736
11.1258068085
11.275854826
11.4096310139
11.5594639778
11.726624012
0.567593097687
1.4673140049
2.21781206131
6.28778815269
6.67144012451
7.42212820053
8.98990511894
9.70748400688
11.9756760597
14.2443060875
15.0447781086
17.2801201344
18.7312960625
19.4484381676
20.1158101559
20.4327030182
0.0811221599579
0.948392152786
1.36503911018
2.21594500542
4.43446016312
6.15245699883
6.70286393166
7.47006416321
9.00464916229
9.80537199974
11.2730951309
12.0071210861
12.7242901325
13.3416280746
14.2258610725
14.8264019489
16.8944420815
17.228413105
18.7625539303
19.5132131577
20.2645981312
20.4306840897
0.0768358707428
0.67741894722
0.733893871307
2.21843099594
3.01924991608
3.76979994774
4.5369758606
6.02151799202
8.24027585983
9.04067492485
9.80801486969
11.1257047653
11.9430539608
13.3444139957
14.2449789047
16.0296278
16.463342905
18.7654759884
19.4657669067
20.2163958549
20.4331159592
0.728855848312
2.16408896446
3.73103189468
4.51508784294
0.717277765274
2.15188097954
3.70327496529
6.00511193275
6.65550589561
8.19016194344
9.69155693054
11.2926979065
11.9765839577
12.6941428185
13.5279929638
14.2617259026
15.0291218758
16.5635979176
17.1976528168
18.782325983
19.4993269444
20.2164428234
20.4333879948
0.748134851456
1.49875378609
2.21598386765
3.08327794075
3.73384094238
4.50122094154
5.58534789085
5.95234084129
6.73634290695
7.50362896919
8.27086997032
9.03817892075
9.78872990608
11.2564637661
11.9738078117
12.7244319916
13.5419359207
14.2427589893
14.9763519764
15.8436517715
16.5277898312
17.2450048923
18.7793428898
19.4800179005
20.16386199
20.4312179089
0.775596141815
1.510160923
2.17730402946
2.96041893959
3.6612970829
4.44539499283
5.97954702377
6.69680213928
7.4141960144
8.18145108223
8.96530103683
9.69951701164
10.5665860176
11.2005000114
11.9844360352
12.6850619316
13.435655117
14.1529150009
14.9368870258
15.7541539669
16.488683939
17.2386209965
18.756499052
19.5071611404
20.2078130245
20.4412579536
0.676147937775
1.4603228569
2.26062703133
3.07804703712
3.72857403755
4.51250696182
6.01381397247
6.56465005875
6.8643848896
7.43160891533
8.21576094627
9.0162858963
9.80029201508
10.6176068783
11.2346708775
11.969192028
12.6691019535
13.3696930408
13.6701109409
14.1707680225
14.9877789021
15.8551030159
16.4055829048
17.2227778435
0.80092382431
1.56799983978
2.30190992355
3.11961889267
3.68641400337
4.48701786995
5.50448584557
5.93837285042
6.72226595879
7.45611000061
8.17335700989
8.97408390045
9.79130482674
10.7086858749
11.1591148376
12.0098309517
12.6603739262
13.5109620094
14.2783830166
14.9954409599
18.7652029991
19.499131918
20.2164289951
0.300691127777
0.617486000061
1.46795701981
2.23451209068
2.96844315529
3.71928906441
4.50315999985
5.98753118515
6.75488615036
7.48865914345
8.33956503868
8.98993515968
9.6905939579
10.5913920403
11.2417080402
11.9924051762
12.6763501167
13.3935899734
14.2110321522
14.9948811531
15.7454390526
16.5131139755
17.2968440056
18.0472490788
18.7479841709
19.5151720047
20.199078083
0.750826120377
1.53484511375
2.23525810242
2.95265293121
3.7702050209
4.50381708145
5.38789796829
6.02171707153
6.75566506386
7.43947601318
8.22369599342
8.924036026
9.70825695992
10.5425961018
11.2759311199
11.9941179752
12.6950321198
13.461879015
14.2451441288
14.9458079338
15.6295769215
16.4305479527
17.2141699791
18.0814931393
18.8156089783
19.5327939987
20.2167551517
20.9005460739
21.7010190487
22.4350020885
23.2189309597
23.986413002
24.7201769352
25.4542500973
26.1880190372
26.938988924
27.6893260479
28.4565470219
29.2238929272
29.9414241314
30.7419691086
31.4767291546
32.2264299393
32.994177103
33.7442719936
34.4793839455
35.1954619884
35.8794300556
36.6302990913
37.4140360355
38.1820681095
38.7149219513
38.9653060436
39.5990860462
40.4831089973
41.3673961163
41.9508640766
42.7349879742
44.203140974
45.1035900116
45.7539820671
46.5216319561
47.2224111557
47.9557659626
48.8065109253
49.5070440769
51.0749430656
0.708896875381
1.50866603851
2.26016187668
3.01088285446
3.79492092133
4.49540495872
5.31261205673
5.99738502502
6.73053002357
7.48109602928
8.19825792313
9.0324318409
9.76705098152
10.5002670288
11.2676000595
12.0181388855
12.7021160126
13.4688129425
14.2370629311
15.0030369759
15.7535140514
16.4875750542
17.2381558418
18.0221579075
18.7393729687
19.5402450562
20.290694952
21.0246870518
21.7751739025
22.5094380379
23.2763998508
24.0271818638
24.7443189621
25.4782669544
26.212403059
26.9637670517
27.7133738995
28.514097929
29.2484638691
30.0152959824
30.7491109371
31.516381979
32.2837998867
33.017592907
33.7182018757
34.4689810276
35.2867329121
36.0533628464
36.7374219894
37.5213580132
38.2719969749
39.0059309006
39.6897349358
40.5070278645
41.207736969
41.9582028389
42.7764210701
43.5935130119
44.260491848
45.0107140541
45.7780249119
46.4953439236
47.2125890255
47.9967820644
48.7471280098
49.4810378551
51.0655469894
0.758614063263
2.29272699356
3.04240703583
3.74331498146
4.54372906685
5.96148705482
6.6957218647
8.23031806946
8.93053007126
11.2324068546
11.9998469353
12.7670760155
13.5011849403
14.2350440025
14.9686639309
15.7194888592
16.4702010155
17.2540159225
18.7219510078
19.489178896
20.2072880268
20.9905929565
21.7576339245
22.5583090782
23.9760849476
24.7600300312
25.5106508732
26.4282090664
27.0120110512
3.78588604927
4.53627991676
5.9708878994
6.58801293373
7.48884987831
8.25607800484
8.98994898796
9.77424192429
11.2083599567
11.8090069294
0.801119089127
1.51844596863
2.1851170063
0.800875902176
1.55111408234
2.23535609245
2.96901297569
3.75349593163
4.5035879612
5.32096600533
6.03811407089
6.78883004189
7.48929691315
8.17346692085
8.95712709427
9.74151206017
10.508425951
11.2257630825
11.9763901234
12.7103259563
13.4609870911
14.2450621128
14.9954550266
15.7293660641
16.4799640179
17.2639400959
18.0144979954
18.7319500446
19.4991290569
20.2164731026
21.0006611347
21.7676239014
22.4852700233
23.2521579266
24.0029270649
24.7534711361
25.4873759747
26.2379100323
27.0053300858
27.7391750813
28.4897720814
29.2570381165
29.9913671017
30.7748908997
31.5090210438
32.2262210846
33.0268421173
33.7440309525
34.4946238995
35.2118580341
36.0126230717
36.7298619747
37.4805290699
38.2643809319
38.9983189106
39.7491769791
40.4996321201
41.2167761326
41.9340789318
42.8014659882
43.551995039
44.2693760395
45.0033271313
45.7705340385
46.4877359867
47.2217700481
47.9723720551
48.7729179859
49.4734380245
0.166887998581
0.517060041428
0.81713104248
1.48403215408
2.20130610466
2.93552613258
3.66910910606
4.40337514877
5.43721008301
5.92133402824
6.68910217285
7.40552401543
8.15625
8.83999800682
9.67416906357
10.5918710232
11.2419781685
11.925894022
12.6597311497
13.3603711128
14.1779401302
14.9283201694
15.6622509956
16.4462351799
17.2135350704
18.1313111782
18.731470108
19.4655070305
20.1993620396
20.9838860035
21.750590086
22.5013999939
23.2851550579
23.9857401848
24.7196609974
25.4702370167
26.2717211246
27.0215191841
27.6554610729
28.4570720196
29.1900119781
29.9407491684
30.807844162
31.5251541138
32.2590041161
33.0097360611
33.7269179821
34.5108530521
35.2115361691
35.945348978
36.7294080257
37.4469590187
38.2473490238
39.0311911106
39.6989200115
40.4490251541
41.2162649632
42.0002560616
42.7510199547
43.6016840935
44.1688790321
44.9360711575
45.7533731461
46.4373211861
47.2717421055
47.9217669964
49.5064280033
49.7567131519
49.9235630035
50.073652029
50.2237901688
50.3905920982
50.5238690376
50.6906991005
50.8575620651
51.0410311222
51.0743701458
0.183290958405
0.417088031769
0.583823919296
0.733814001083
0.900568962097
1.06735992432
1.21777701378
1.38427805901
1.5511469841
1.70125007629
1.86803412437
2.03506398201
2.20160889626
2.36852693558
2.53521990776
2.70198297501
2.86875796318
3.01888895035
3.18585801125
3.35312700272
3.53601503372
3.70283102989
3.87025690079
4.03649902344
4.20323705673
4.37006592751
4.53693008423
4.72042989731
4.87048506737
5.0373609066
5.22082304955
5.3709359169
5.53760004044
5.68804812431
5.87146306038
6.03808999062
6.18824505806
6.35502791405
6.52215695381
6.68889093399
6.87222194672
7.03907895088
7.22260308266
7.42260193825
7.58936500549
7.77286291122
7.95641207695
8.12313008308
8.30659794807
8.47354912758
8.65694594383
8.84026408195
9.02489900589
9.17407894135
9.32463097572
9.50785899162
9.65780591965
9.82489991188
9.97558403015
10.1414239407
10.2916100025
10.4583630562
10.6253120899
10.7757380009
10.926158905
11.1089580059
11.2589969635
11.4260339737
11.5938549042
11.7761650085
11.9429130554
12.1097528934
12.8269600868
13.494273901
14.294864893
14.930316925
15.7305369377
16.4633281231
17.2305009365
18.1651360989
18.7317581177
19.5157420635
20.2163190842
20.8834769726
21.7676539421
22.484965086
23.3690390587
23.8696091175
24.736948967
25.5040669441
26.2046380043
27.0885601044
27.7064290047
28.6063930988
29.223721981
29.9081020355
30.8916680813
31.4091129303
32.226047039
32.9769339561
33.7105929852
34.5113151073
35.2787461281
36.1626629829
36.6301829815
37.4137659073
38.1642389297
38.9481658936
39.6486859322
40.4326519966
41.351088047
42.0173010826
42.7849941254
44.2360439301
45.0531740189
45.7704041004
46.4543840885
47.1550791264
47.9556849003
48.7561769485
49.4735920429
51.0746679306
0.742762088776
1.51008701324
2.19468402863
2.97863101959
3.72792315483
4.46201920509
5.24583411217
6.04635620117
6.71354222298
7.43068408966
8.19810605049
9.01536417007
9.69939923286
10.4998381138
11.2171180248
11.9344031811
12.7183980942
13.4190371037
14.036137104
14.4364571571
16.0880892277
16.8049900532
17.5222711563
18.5230522156
18.9568462372
19.6072580814
20.0414960384
21.2588472366
21.7258031368
22.4932901859
23.4104280472
23.9109151363
24.4114861488
24.9289741516
25.4453790188
26.4797751904
27.1801431179
27.9307751656
28.7981522083
29.4488911629
30.1995601654
31.2500650883
31.8173420429
32.4846441746
33.2517170906
33.7525360584
34.2025852203
34.63661623
35.1539371014
36.1212451458
36.771228075
37.5219712257
38.2559092045
39.0065431595
39.7573170662
40.5077271461
41.2416980267
41.9588491917
42.7762432098
45.0280270576
45.6619160175
46.6129472256
47.2965991497
48.0474720001
49.0480031967
50.6493020058
51.0663340092
0.751814126968
1.50254797935
2.13626098633
2.97029900551
3.70422816277
4.43811297417
5.98954510689
6.75683617592
7.50746297836
8.20806717873
8.89182519913
9.64247512817
10.5265541077
11.210460186
11.9951000214
12.678248167
13.7457270622
14.1127450466
14.9301841259
18.7664480209
19.4504201412
20.3187060356
21.1526210308
21.7523431778
22.3861751556
26.2226450443
27.006716013
27.7739341259
28.5745530128
29.2431800365
29.9438221455
30.9100131989
31.4278461933
32.2111120224
32.9448070526
33.6620380878
34.445936203
35.2301959991
36.6809980869
37.4484601021
38.1825630665
39.1334071159
39.7004611492
40.450810194
41.2183520794
41.9854090214
42.6695740223
44.2707540989
45.05469203
45.7718741894
46.5057301521
47.1732389927
47.9235360622
48.8410861492
49.5257680416
51.0760669708
0.746202945709
1.42992901802
2.09676194191
18.7105607986
19.3938229084
20.1445879936
20.9451048374
21.6790339947
22.4297258854
24.1143329144
24.6815078259
26.2327218056
27.100083828
29.2018229961
31.57051301
32.2211279869
33.7888898849
34.5061798096
35.2237448692
36.6582508087
37.442303896
38.1592218876
39.0602309704
39.7442009449
41.9789509773
44.9146318436
47.217001915
49.551669836
0.717352867126
1.48556804657
2.23607087135
3.00349903107
3.73779201508
4.47052288055
5.47118592262
5.97170305252
6.78899693489
7.50619196892
8.3902220726
8.99160695076
9.65795588493
10.5921139717
11.2759380341
12.0098879337
12.6605670452
13.4443559647
14.2783808708
15.0122950077
15.8130249977
16.4806039333
29.9577810764
0.299510955811
0.684216022491
1.31750488281
1.96875
2.53548288345
3.20276999474
3.86994290352
4.45304298401
5.03674006462
5.70397901535
6.33779501915
6.97158503532
7.57227087021
8.27263689041
8.93976807594
9.54038405418
10.1744110584
10.8248338699
11.4754500389
12.12586689
12.743500948
13.4434959888
14.0275390148
14.6779510975
15.2282640934
15.9456510544
16.5628240108
17.1966640949
17.8303968906
18.4978370667
19.1481559277
19.7819941044
20.3491280079
21.0664050579
21.7001800537
22.3175718784
22.9678270817
23.6017889977
24.2874200344
24.9194738865
25.520786047
26.170609951
26.8043339252
27.4716970921
28.0555109978
28.7059459686
29.3565011024
30.0070579052
30.6242630482
31.2423539162
31.908698082
32.5924310684
33.1596260071
33.7769880295
34.4775350094
35.1287388802
35.7282140255
36.3789050579
37.0461540222
37.6804020405
38.2637479305
38.9151370525
39.5814418793
40.2487039566
40.884608984
41.4996349812
42.1502530575
42.7673110962
43.3854711056
44.0517859459
44.6857559681
45.3696990013
45.9370589256
46.6038680077
47.2876489162
47.9215149879
48.4895489216
49.1558361053
49.7899200916
50.4735679626
51.0407409668
51.7080490589
52.3752770424
53.0090179443
53.592746973
54.243366003
54.9271609783
55.5778899193
56.2121460438
56.878827095
57.5126719475
58.1633050442
58.7971689701
59.4309470654
60.0815989971
60.6986119747
61.3492848873
62.0163199902
62.6836659908
63.3358850479
63.9346320629
64.6020419598
65.2204148769
65.8696739674
66.51989007
67.1210138798
67.7879550457
68.3882439137
3.11853098869
4.46951913834
6.00431919098
7.67210197449
1.533782933
4.450538945
5.943154472
7.567363368
1.517764877
3.11779164
1.484385101
4.801405685
5.91776436
7.451157336
8.934451508
10.451119557
11.984320282
13.650429351
14.802407842
15.21835349
16.46789951
17.901445408
19.47731455
20.951525363
22.451615291
23.835097442
25.452337057
27.019039162
28.402287652
30.002124371
31.50284933
32.968938058
34.485700091
35.919664555
39.052680044
40.586634086
43.386823071
44.936421991
46.486471302
49.536842788
51.036835943
52.403536657
53.89580127
55.420378224
56.987156357
58.437230857
59.938057568
62.987529404
64.537808182
65.971123925
67.488487049
68.937918421
70.404629855
1.476277725
3.025870227
4.459312385
5.984125885
7.400907739
8.967610825
10.384440301
11.951133968
15.017877091
16.534697637
18.0180675
19.468913426
20.918300938
22.419112292
23.90182064
24.001602757
1.507746313
3.14061816
4.457222936
5.973968693
1.61687476
3.055289572
4.584213315
5.983709387
7.484378589
9.033834411
10.467125452
1.575757624
3.083715282
4.367070426
1.533829182
1.517682355
3.109308986
1.55996584892
1.60034203529
4.50502490997
5.98354291916
6.86696195602
7.52160096169
9.03369188309
10.4501519203
11.9677648544
14.9551329613
16.4361209869
18.0050909519
19.5406830311
20.9851610661
22.4342138767
23.8924779892
24.0096790791
1.44453287125
1.53299593925
3.03415703773
4.51663184166
5.95867180824
7.44653892517
8.96655893326
1.56582403183
3.11580204964
4.41579914093
5.98230314255
7.51587104797
8.94900012016
10.4489681721
11.9159321785
14.0822191238
14.9822809696
1.54981017113
4.48297119141
5.91626906395
7.49976921082
9.03288316727
10.482874155
1.46701383591
4.55006694794
5.95057797432
7.46693992615
8.98344397545
10.4665558338
11.9501819611
13.7165830135
14.9998328686
16.5831239223
17.9503238201
19.4832868576
20.9331419468
22.483150959
23.9997699261
24.0164849758
1.4848549366
3.09995985031
4.43338680267
6.01669597626
7.53346180916
9.01666903496
10.4333198071
11.9165658951
19.466657877
20.9332039356
22.4830048084
23.9997780323
24.0163238049
4.4913418293
5.9913020134
7.42437386513
17.9243628979
19.5408990383
20.9409589767
22.3741140366
23.8574910164
8.86690282822
10.4832220078
11.9833068848
4.4668200016
5.98333692551
7.53360104561
8.88335990906
10.4666080475
12.0499448776
14.9664888382
16.4498188496
17.9831199646
19.4331409931
20.9331829548
22.4831328392
23.8997688293
1.54919600487
7.48261117935
8.9823679924
10.4157180786
11.9989881516
4.54208779335
5.87546491623
7.41670179367
5.97129511833
7.51646995544
8.94959807396
3.12560391426
4.43348479271
5.76677298546
6.05005097389
7.43344497681
8.98340678215
10.416716814
11.9666619301
3.08345293999
4.46671795845
5.98334598541
7.50026702881
8.98334693909
10.5
11.9501969814
14.9665739536
16.4998919964
17.9164688587
19.449887991
21.0331859589
22.466780901
23.9664030075
1.54945898056
3.03266096115
4.4994931221
5.99939107895
7.56602597237
8.98264193535
10.5159571171
11.9992599487
15.0492959023
16.5491840839
18.0325241089
19.4490499496
20.9491260052
22.4656898975
22.8327350616
23.0990829468
23.2826631069
23.4158170223
23.5824189186
24.0157561302
0.411801815033
0.553073883057
0.703146934509
0.836980819702
0.986470937729
1.15308380127
1.31970191002
1.6699359417
1.83641600609
1.98649001122
2.13716697693
2.5530769825
1.4835100174
3.01656889915
4.46665000916
6.03321504593
7.41655492783
8.98320603371
10.4165520668
12.0164659023
13.6334569454
14.9165630341
16.5164310932
18.0331249237
19.5333149433
20.9497001171
22.4496860504
0.200066804886
0.366688966751
0.516795873642
0.666659832001
0.800354957581
0.950073957443
1.1000919342
1.11670589447
1.47614598274
3.00051498413
4.5337240696
6.0337460041
7.45060491562
8.95039105415
10.4837369919
11.9338378906
15.0336699486
16.5337970257
17.9669940472
19.4838190079
20.9669339657
22.4501640797
23.950193882
24.0003759861
0.750892162323
0.900984048843
1.03426909447
1.20092701912
1.33431816101
1.50108218193
2.20099806786
2.36765408516
2.73420906067
3.10085511208
0.902558803558
1.05046892166
1.18510890007
1.34293580055
1.47655582428
1.84281587601
2.17653083801
2.32625794411
2.47616291046
2.49287891388
1.50879383087
1.46729111671
3.11704802513
4.41681194305
5.90018296242
7.43348193169
8.96670603752
10.4167311192
11.9834189415
15.0332660675
16.5168259144
17.9166169167
19.5168199539
20.9999339581
22.4831540585
23.91771698
24.0163640976
1.48514199257
2.96831893921
4.36836290359
4.90954899788
5.84288096428
6.44284796715
6.5941619873
9.10940980911
1.45283412933
2.91072010994
4.4273879528
5.8940410614
7.4608540535
8.99398803711
10.4782800674
11.9620380402
13.6105790138
14.8608579636
16.5272240639
17.9440941811
19.4773020744
20.9272251129
22.4770841599
23.9271121025
0.367306947708
0.800357103348
1.1667470932
1.45033192635
1.80005693436
2.20035409927
2.60012412071
2.98336911201
3.38336992264
3.76667904854
4.13361907005
4.48351812363
4.88345003128
5.20006108284
5.60002207756
5.93360710144
6.30004501343
6.73339915276
7.06674814224
7.45005893707
7.83333802223
8.23336410522
8.5836789608
8.96667695045
9.36664700508
9.73333001137
10.0832901001
10.4667479992
10.8499529362
11.2499449253
11.5835130215
11.9999170303
12.4165811539
12.8169491291
13.1999320984
13.5835530758
14.0003409386
14.3833210468
14.7832999229
15.1666040421
15.8498959541
16.4665780067
16.7666101456
17.0999109745
17.3664050102
0.603209018707
0.903060913086
1.28638792038
1.60319805145
0.401987075806
0.835644006729
1.18537712097
1.52023696899
1.8354370594
2.15225100517
2.55198311806
0.400308132172
0.750125169754
1.03358912468
1.35021901131
1.81685113907
2.26719117165
2.66687297821
3.0834441185
3.45037317276
3.81673502922
4.18366503716
4.53346514702
4.88339400291
5.1668150425
5.61666417122
5.96686196327
6.31679797173
6.68345117569
7.06672811508
7.46702313423
7.81678104401
8.2000541687
8.56673502922
8.88345003128
9.33342814445
9.71671199799
10.1169450283
10.4833960533
10.9000451565
11.2837750912
11.666670084
12.033301115
12.3833811283
12.7334361076
13.0666351318
13.4499561787
13.8666269779
14.2334339619
14.5666620731
14.9666721821
15.3500070572
15.7333061695
16.0999231339
16.4834160805
16.8669259548
17.2166330814
17.5832149982
17.9335091114
18.3332979679
18.7665159702
19.1666259766
19.5169811249
19.8831801414
21.3498330116
0.415266036987
0.773355007172
1.10652709007
1.43981909752
1.7567050457
2.15712094307
2.50651597977
2.83988189697
3.43988394737
3.60653495789
3.75643992424
3.90663099289
4.0397799015
4.18996191025
4.32355189323
4.47318005562
4.62313604355
7.23969888687
1.60757899284
0.394426107407
0.768156051636
1.13491511345
1.46838116646
1.8515150547
2.26813316345
2.46814012527
3.51829814911
3.90135216713
4.38480710983
5.73464798927
1.60077095032
1.60363101959
0.579316854477
0.937290906906
1.23704099655
0.469310045242
0.836563110352
1.15354204178
1.45358419418
1.786891222
2.16981005669
2.48627209663
3.20286607742
3.48741006851
3.87071013451
4.22008299828
4.68834710121
4.95337510109
5.4131770134
5.95750999451
6.42786812782
6.81134414673
7.21124720573
7.59450817108
7.90241503716
8.502420187
8.80265712738
9.18579506874
9.53580904007
9.8523042202
0.708894014359
1.00901293755
1.48371887207
1.96694803238
2.41681790352
2.73351597786
3.30006885529
3.5835249424
3.86662697792
0.748842000961
1.10667085648
1.49021577835
1.90667796135
2.23991179466
2.60676598549
3.09002900124
3.40656495094
3.70674085617
4.12353777885
4.47331976891
4.8733959198
5.20669198036
5.77342486382
6.07331180573
6.47332286835
6.80694580078
7.17331981659
7.5566778183
7.87335181236
8.40658378601
8.68994784355
9.03994393349
9.37337183952
9.77337789536
10.1735639572
10.4565608501
11.1898729801
11.4901418686
11.8399088383
12.2231738567
12.6067118645
13.0566167831
13.8731918335
14.1568129063
14.590105772
15.0067169666
15.4064869881
15.7739489079
16.4072058201
16.7065629959
17.1397697926
17.6571729183
18.0397968292
18.3731398582
18.7230818272
19.056511879
19.5233399868
19.8064258099
0.633606910706
0.950252771378
1.11697697639
1.28358697891
1.58361077309
1.93356895447
2.18364691734
2.5003027916
2.83364391327
3.10030579567
3.38367700577
3.6670498848
3.95044994354
4.35017490387
0.422167062759
0.687542915344
0.879322052002
1.02146983147
1.21437597275
1.572275877
1.83367085457
2.1194319725
2.29666304588
2.57090187073
2.85564494133
3.10565400124
3.38027405739
3.66355895996
3.91436290741
4.25565505028
4.47231888771
4.76360988617
5.04702401161
5.34701800346
5.61366486549
5.89702987671
6.18032097816
6.44700884819
6.73039889336
6.98036599159
7.2470729351
7.49703788757
7.71370100975
8.03633594513
8.29706192017
8.58039498329
8.81374788284
9.06291794777
9.38046884537
9.61375904083
9.88041687012
10.1804568768
10.5804288387
10.880480051
11.1312968731
11.3972139359
11.6136238575
0.914317131042
2.01436114311
2.29772019386
2.59780216217
2.93161821365
3.18180203438
3.44794607162
5.35302615166
1.11312603951
0.331218004227
0.51456284523
0.681280851364
0.897943019867
1.16525197029
1.36461186409
1.68138384819
1.97025680542
2.26988792419
2.56997394562
2.86993193626
3.16993498802
3.46992182732
3.66998195648
3.98664283752
4.24542498589
4.52228689194
4.85328483582
5.15336894989
0.483740091324
0.934498071671
1.55047798157
2.05038809776
2.56713914871
3.03377604485
3.51723003387
3.95055413246
4.40910816193
4.9599339962
5.50584411621
5.95662403107
6.50580906868
7.01456403732
7.44794416428
7.95593118668
8.48127007484
8.947920084
9.49797010422
10.0226149559
10.5059170723
10.9892981052
11.472684145
11.9560260773
12.4813981056
12.9893531799
13.5227491856
14.0061080456
14.5060920715
14.9568181038
15.5061421394
15.9228169918
16.4148421288
16.9561941624
17.5235960484
17.9895350933
18.4228961468
18.9060790539
19.3728680611
19.8063790798
20.1061899662
20.6229331493
21.0395760536
21.4563040733
21.9729650021
22.4729659557
22.9562909603
23.4063279629
23.8230190277
24.2898871899
24.8317451477
28.0062761307
0.402335166931
0.899309158325
1.43568706512
1.97704720497
2.49372911453
2.92765808105
3.42768716812
3.92715406418
4.43576717377
4.94457101822
5.42716503143
5.92778611183
6.46590709686
6.96603703499
7.51688504219
7.99125099182
8.52718710899
8.97734808922
9.47726011276
9.93262004852
10.4659690857
10.9660110474
11.4659740925
11.8660211563
12.5079979897
